[desk.jpg]
filters=Lomo=1,47.368423,59.915794;
moddate=0000083613d20000
width=2048
height=677
textactive=0
